168772736
168772784
168772832
168787328
168787648
168787696
168787744
168787792
168787840
168787888
168787936
168787984
168788032
168788080
168788128
168801808
168801856
168801904
168801952
168802256
168802304
168802352
168802400
168726512
168726560
168726608
168726656
168740336
168772656
168752448
168752496
168752544
168752592
168752640
168224512
168193600
168193648
168193696
168204384
168204432
167989296
169211776
169361024
169361072
169361120
169361168
169455904
169371840
169153632
169033344
169046400
169046448
168881968
168779488
168779536
168779584
168779632
168779680
168779728
168779776
168779824
168793568
168793616
168793664
168793984
168794032
168794080
168794128
168794176
168794224
168794272
168794320
168794368
168808112
168808160
168808208
168808256
168808304
168808352
168808656
168808704
168808752
168808800
168929312
168672736
168672784
168672832
168672880
168672928
169233936
169440000
169898944
170792064
172031152
172168656
172408176
172437504
172437552
172437600
172437648